Simbolo        Frecuencia     Probabilidad        Cant. informacion   Codigo Shannon      
-------------------------------------------------------------------------------------
'\n'           64             0.026016260162602   5.264442600226603   001111              
' '            369            0.150000000000000   2.736965594166206   1111                
!              6              0.002439024390244   8.679480099505447   000001111           
"              4              0.001626016260163   9.264442600226602   0000001110          
,              18             0.007317073170732   7.094517598784290   001000              
.              16             0.006504065040650   7.264442600226603   00011110            
:              8              0.003252032520325   8.264442600226602   00001100            
;              4              0.001626016260163   9.264442600226602   0000001111          
?              4              0.001626016260163   9.264442600226602   00000100            
A              13             0.005284552845528   7.564002882085511   0001100             
B              2              0.000813008130081   10.264442600226602  0000000011          
C              16             0.006504065040650   7.264442600226603   00011111            
D              6              0.002439024390244   8.679480099505447   00001000            
E              6              0.002439024390244   8.679480099505447   00001001            
F              1              0.000406504065041   11.264442600226602  0000000000          
G              1              0.000406504065041   11.264442600226602  00000000010         
I              2              0.000813008130081   10.264442600226602  000000010           
J              1              0.000406504065041   11.264442600226602  00000000011         
L              11             0.004471544715447   7.805010981589305   0001000             
M              3              0.001219512195122   9.679480099505446   0000000111          
N              4              0.001626016260163   9.264442600226602   000001010           
O              5              0.002032520325203   8.942514505339240   000001110           
P              9              0.003658536585366   8.094517598784290   00001101            
Q              1              0.000406504065041   11.264442600226602  00000000100         
R              1              0.000406504065041   11.264442600226602  00000000101         
S              15             0.006097560975610   7.357552004618085   0001110             
T              4              0.001626016260163   9.264442600226602   000001011           
U              3              0.001219512195122   9.679480099505446   000000100           
V              2              0.000813008130081   10.264442600226602  0000000110          
Y              9              0.003658536585366   8.094517598784290   00001110            
a              215            0.087398373983740   3.516249750637142   1110                
b              36             0.014634146341463   6.094517598784290   00110               
c              44             0.017886178861789   5.805010981589304   001110              
d              77             0.031300813008130   4.997656059531701   0100                
e              204            0.082926829268293   3.592017258255106   110                 
f              14             0.005691056910569   7.457087678168998   0001101             
g              34             0.013821138211382   6.176979758976263   0010110             
h              12             0.004878048780488   7.679480099505446   00010110            
i              101            0.041056910569106   4.606231117474808   0110                
j              6              0.002439024390244   8.679480099505447   00001010            
l              121            0.049186991869919   4.345579362952008   01110               
m              35             0.014227642276423   6.135159583281637   0010111             
n              136            0.055284552845528   4.176979758976263   01111               
o              203            0.082520325203252   3.599106683041426   1011                
p              25             0.010162601626016   6.620586410451877   001001              
q              7              0.002845528455285   8.457087678168998   000010111           
r              175            0.071138211382114   3.813231488394274   1010                
s              158            0.064227642276423   3.960661852049500   100                 
t              77             0.031300813008130   4.997656059531701   01010               
u              78             0.031707317073171   4.979040381364354   01011               
v              31             0.012601626016260   6.310246289839727   001010              
y              11             0.004471544715447   7.805010981589305   0001001             
z              12             0.004878048780488   7.679480099505446   00010111            
¡              6              0.002439024390244   8.679480099505447   000010110           
¿              4              0.001626016260163   9.264442600226602   000001100           
á              3              0.001219512195122   9.679480099505446   000000101           
é              4              0.001626016260163   9.264442600226602   000001101           
í              11             0.004471544715447   7.805010981589305   0001010             
ñ              3              0.001219512195122   9.679480099505446   000000110           
ó              9              0.003658536585366   8.094517598784290   00001111            
-------------------------------------------------------------------------------------
60             2460           1.0                                     


Entropia:
H(S) = 4.51005358139857 bits

Kraft:
k = 1.0

Longitud media:
L = 4.696341463414632

Rendimiento:
n = 96.03334034658087

Rendundancia:
n = 3.9666596534191285

Tasa de compresion = 1.7289073305670817
