Simbolo        Frecuencia     Probabilidad        Cant. informacion   Codigo Huffman      
-------------------------------------------------------------------------------------
'\n'           62             0.021985815602837   5.507283136899281   111110              
' '            541            0.191843971631206   2.381994663459341   00                  
!              6              0.002127659574468   8.876516946565000   011111010           
"              4              0.001418439716312   9.461479447286157   1100110111          
,              20             0.007092198581560   7.139551352398794   0111011             
.              16             0.005673758865248   7.461479447286156   11111110            
:              8              0.002836879432624   8.461479447286157   01110000            
;              4              0.001418439716312   9.461479447286157   1111111100          
?              4              0.001418439716312   9.461479447286157   1111111110          
A              21             0.007446808510638   7.069162024507396   0111101             
B              2              0.000709219858156   10.461479447286157  11111100110         
C              10             0.003546099290780   8.139551352398794   01111000            
E              5              0.001773049645390   9.139551352398794   011101001           
F              2              0.000709219858156   10.461479447286157  0111000101          
H              13             0.004609929078014   7.761039729145064   01111111            
I              7              0.002482269503546   8.654124525228552   110011001           
J              1              0.000354609929078   11.461479447286155  111111110110        
K              11             0.003900709219858   8.002047828648859   01111001            
L              5              0.001773049645390   9.139551352398794   011101010           
M              7              0.002482269503546   8.654124525228552   110011010           
N              6              0.002127659574468   8.876516946565000   011111011           
O              13             0.004609929078014   7.761039729145064   11001001            
P              5              0.001773049645390   9.139551352398794   011101011           
Q              1              0.000354609929078   11.461479447286155  111111001000        
S              5              0.001773049645390   9.139551352398794   011101000           
T              1              0.000354609929078   11.461479447286155  111111001001        
U              6              0.002127659574468   8.876516946565000   011111000           
V              1              0.000354609929078   11.461479447286155  111111110101        
a              367            0.130141843971631   2.941843194442944   100                 
b              3              0.001063829787234   9.876516946565001   1100110110          
c              7              0.002482269503546   8.654124525228552   111111000           
d              4              0.001418439716312   9.461479447286157   1111111111          
e              166            0.058865248226950   4.086440015939231   0110                
g              5              0.001773049645390   9.139551352398794   011100011           
h              118            0.041843971631206   4.578836397924315   11101               
i              187            0.066312056737589   3.914584987398519   1010                
k              205            0.072695035460993   3.781999347780710   1011                
l              106            0.037588652482270   4.733558992722958   11000               
m              70             0.024822695035461   5.332196430341190   01010               
n              128            0.045390070921986   4.461479447286155   0100                
o              226            0.080141843971631   3.641300484870969   1101                
p              29             0.010283687943262   6.603498452158584   1100111             
r              27             0.009574468085106   6.706591945122688   1100101             
s              19             0.006737588652482   7.213551933842570   0111001             
t              13             0.004609929078014   7.761039729145064   11001000            
u              119            0.042198581560284   4.566661683978213   11110               
v              1              0.000354609929078   11.461479447286155  111111110111        
w              16             0.005673758865248   7.461479447286156   11111101            
y              2              0.000709219858156   10.461479447286157  11111100111         
z              2              0.000709219858156   10.461479447286157  0111000100          
á              1              0.000354609929078   11.461479447286155  111111001010        
é              1              0.000354609929078   11.461479447286155  111111001011        
í              1              0.000354609929078   11.461479447286155  111111110100        
ā              72             0.025531914893617   5.291554445843844   01011               
ē              7              0.002482269503546   8.654124525228552   110011000           
ī              3              0.001063829787234   9.876516946565001   0111110011          
ō              3              0.001063829787234   9.876516946565001   0111110010          
ū              13             0.004609929078014   7.761039729145064   01111110            
ʻ              112            0.039716312056738   4.654124525228552   11100               
-------------------------------------------------------------------------------------
59             2820           1.0                                     


Entropia:
H(S) = 4.211711423260483 bits

Kraft:
k = 1.0

Longitud media:
L = 4.245744680851063

Rendimiento:
n = 99.19841488010161

Rendundancia:
n = 0.801585119898391

Tasa de compresion = 2.0246995994659547
