Simbolo        Frecuencia     Probabilidad        Cant. informacion   Codigo Shannon      
-------------------------------------------------------------------------------------
'\n'           62             0.021985815602837   5.507283136899281   001011              
' '            541            0.191843971631206   2.381994663459341   111                 
!              6              0.002127659574468   8.876516946565000   00001001            
"              4              0.001418439716312   9.461479447286157   0000001111          
,              20             0.007092198581560   7.139551352398794   0001111             
.              16             0.005673758865248   7.461479447286156   0001100             
:              8              0.002836879432624   8.461479447286157   000011110           
;              4              0.001418439716312   9.461479447286157   00000100            
?              4              0.001418439716312   9.461479447286157   000001010           
A              21             0.007446808510638   7.069162024507396   001000              
B              2              0.000709219858156   10.461479447286157  0000000101          
C              10             0.003546099290780   8.139551352398794   000011111           
E              5              0.001773049645390   9.139551352398794   000001100           
F              2              0.000709219858156   10.461479447286157  0000000110          
H              13             0.004609929078014   7.761039729145064   0001001             
I              7              0.002482269503546   8.654124525228552   000010111           
J              1              0.000354609929078   11.461479447286155  0000000000          
K              11             0.003900709219858   8.002047828648859   0001000             
L              5              0.001773049645390   9.139551352398794   000001101           
M              7              0.002482269503546   8.654124525228552   00001100            
N              6              0.002127659574468   8.876516946565000   00001010            
O              13             0.004609929078014   7.761039729145064   0001010             
P              5              0.001773049645390   9.139551352398794   000001110           
Q              1              0.000354609929078   11.461479447286155  00000000010         
S              5              0.001773049645390   9.139551352398794   000001111           
T              1              0.000354609929078   11.461479447286155  00000000011         
U              6              0.002127659574468   8.876516946565000   000010110           
V              1              0.000354609929078   11.461479447286155  00000000100         
a              367            0.130141843971631   2.941843194442944   110                 
b              3              0.001063829787234   9.876516946565001   000000101           
c              7              0.002482269503546   8.654124525228552   00001101            
d              4              0.001418439716312   9.461479447286157   000001011           
e              166            0.058865248226950   4.086440015939231   01111               
g              5              0.001773049645390   9.139551352398794   00001000            
h              118            0.041843971631206   4.578836397924315   01011               
i              187            0.066312056737589   3.914584987398519   100                 
k              205            0.072695035460993   3.781999347780710   1010                
l              106            0.037588652482270   4.733558992722958   0100                
m              70             0.024822695035461   5.332196430341190   00110               
n              128            0.045390070921986   4.461479447286155   01110               
o              226            0.080141843971631   3.641300484870969   1011                
p              29             0.010283687943262   6.603498452158584   001010              
r              27             0.009574468085106   6.706591945122688   001001              
s              19             0.006737588652482   7.213551933842570   0001110             
t              13             0.004609929078014   7.761039729145064   00010110            
u              119            0.042198581560284   4.566661683978213   0110                
v              1              0.000354609929078   11.461479447286155  00000000101         
w              16             0.005673758865248   7.461479447286156   0001101             
y              2              0.000709219858156   10.461479447286157  0000000111          
z              2              0.000709219858156   10.461479447286157  000000100           
á              1              0.000354609929078   11.461479447286155  00000000110         
é              1              0.000354609929078   11.461479447286155  00000000111         
í              1              0.000354609929078   11.461479447286155  0000000100          
ā              72             0.025531914893617   5.291554445843844   00111               
ē              7              0.002482269503546   8.654124525228552   00001110            
ī              3              0.001063829787234   9.876516946565001   000000110           
ō              3              0.001063829787234   9.876516946565001   0000001110          
ū              13             0.004609929078014   7.761039729145064   00010111            
ʻ              112            0.039716312056738   4.654124525228552   01010               
-------------------------------------------------------------------------------------
59             2820           1.0                                     


Entropia:
H(S) = 4.211711423260483 bits

Kraft:
k = 1.0

Longitud media:
L = 4.323404255319149

Rendimiento:
n = 97.41655358919424

Rendundancia:
n = 2.583446410805763

Tasa de compresion = 1
