Simbolo        Frecuencia     Probabilidad        Cant. informacion   Codigo Huffman      
-------------------------------------------------------------------------------------
' '            369            0.150000000000000   2.736965594166206   110                 
a              215            0.087398373983740   3.516249750637142   000                 
e              204            0.082926829268293   3.592017258255106   1111                
o              203            0.082520325203252   3.599106683041426   1110                
r              175            0.071138211382114   3.813231488394274   1010                
s              158            0.064227642276423   3.960661852049500   1000                
n              136            0.055284552845528   4.176979758976263   0101                
l              121            0.049186991869919   4.345579362952008   0011                
i              101            0.041056910569106   4.606231117474808   10111               
u              78             0.031707317073171   4.979040381364354   10010               
d              77             0.031300813008130   4.997656059531701   01111               
t              77             0.031300813008130   4.997656059531701   01110               
\n             64             0.026016260162602   5.264442600226603   01001               
c              44             0.017886178861789   5.805010981589304   101100              
b              36             0.014634146341463   6.094517598784290   011011              
m              35             0.014227642276423   6.135159583281637   011010              
g              34             0.013821138211382   6.176979758976263   011001              
v              31             0.012601626016260   6.310246289839727   001011              
p              25             0.010162601626016   6.620586410451877   001001              
,              18             0.007317073170732   7.094517598784290   1001101             
.              16             0.006504065040650   7.264442600226603   0100011             
C              16             0.006504065040650   7.264442600226603   0100010             
S              15             0.006097560975610   7.357552004618085   0100000             
f              14             0.005691056910569   7.457087678168998   0010100             
A              13             0.005284552845528   7.564002882085511   0010001             
h              12             0.004878048780488   7.679480099505446   10110111            
z              12             0.004878048780488   7.679480099505446   10110101            
L              11             0.004471544715447   7.805010981589305   10011111            
y              11             0.004471544715447   7.805010981589305   10011110            
í              11             0.004471544715447   7.805010981589305   10011101            
P              9              0.003658536585366   8.094517598784290   10011000            
Y              9              0.003658536585366   8.094517598784290   10011001            
ó              9              0.003658536585366   8.094517598784290   01100011            
:              8              0.003252032520325   8.264442600226602   01100000            
q              7              0.002845528455285   8.457087678168998   00101011            
!              6              0.002439024390244   8.679480099505447   00100001            
D              6              0.002439024390244   8.679480099505447   00100000            
E              6              0.002439024390244   8.679480099505447   101101101           
j              6              0.002439024390244   8.679480099505447   101101000           
¡              6              0.002439024390244   8.679480099505447   100111001           
O              5              0.002032520325203   8.942514505339240   100111000           
"              4              0.001626016260163   9.264442600226602   001010101           
;              4              0.001626016260163   9.264442600226602   010000111           
?              4              0.001626016260163   9.264442600226602   010000110           
N              4              0.001626016260163   9.264442600226602   011000100           
T              4              0.001626016260163   9.264442600226602   011000101           
¿              4              0.001626016260163   9.264442600226602   011000010           
é              4              0.001626016260163   9.264442600226602   010000101           
M              3              0.001219512195122   9.679480099505446   1011011001          
U              3              0.001219512195122   9.679480099505446   1011011000          
á              3              0.001219512195122   9.679480099505446   001010100           
ñ              3              0.001219512195122   9.679480099505446   1011010010          
B              2              0.000813008130081   10.264442600226602  0100001000          
I              2              0.000813008130081   10.264442600226602  10110100111         
V              2              0.000813008130081   10.264442600226602  0100001001          
F              1              0.000406504065041   11.264442600226602  01100001100         
G              1              0.000406504065041   11.264442600226602  01100001101         
J              1              0.000406504065041   11.264442600226602  01100001110         
Q              1              0.000406504065041   11.264442600226602  01100001111         
R              1              0.000406504065041   11.264442600226602  10110100110         
-------------------------------------------------------------------------------------
60             2460           1.0                                     


Entropia:
H(S) = 4.51005358139857 bits

Kraft:
k = 1.0

Longitud media:
L = 4.544715447154472

Rendimiento:
n = 99.2373149395392

Rendundancia:
n = 0.7626850604607966

Tasa de compresion = 1.7869907076483202
