Escenario: palabras 5 digitos.

Palabra        Frecuencia     Probabilidad        Cant. informacion   
-------------------------------------------------------------------
00000          211            0.033492063492063   4.900036924567456   
00001          203            0.032222222222222   4.955800196089466   
00010          211            0.033492063492063   4.900036924567456   
00011          196            0.031111111111111   5.006426269159433   
00100          193            0.030634920634921   5.028679076006561   
00101          223            0.035396825396825   4.820236213354336   
00110          201            0.031904761904762   4.970084422095713   
00111          193            0.030634920634921   5.028679076006561   
01000          215            0.034126984126984   4.872943263685182   
01001          192            0.030476190476190   5.036173612553485   
01010          180            0.028571428571429   5.129283016944966   
01011          175            0.027777777777778   5.169925001442312   
01100          176            0.027936507936508   5.161704494637344   
01101          225            0.035714285714286   4.807354922057604   
01110          203            0.032222222222222   4.955800196089466   
01111          195            0.030952380952381   5.013805799525031   
10000          183            0.029047619047619   5.105436274990598   
10001          215            0.034126984126984   4.872943263685182   
10010          206            0.032698412698413   4.934635586091424   
10011          200            0.031746031746032   4.977279923499917   
10100          217            0.034444444444444   4.859584880830163   
10101          190            0.030158730158730   5.051280504943693   
10110          173            0.027460317460317   5.186507885637917   
10111          171            0.027142857142857   5.203283598388744   
11000          209            0.033174603174603   4.913776981193759   
11001          194            0.030793650793651   5.021223271087514   
11010          188            0.029841269841270   5.066547261597004   
11011          189            0.030000000000000   5.058893689053569   
11100          183            0.029047619047619   5.105436274990598   
11101          190            0.030158730158730   5.051280504943693   
11110          185            0.029365079365079   5.089754652758329   
11111          215            0.034126984126984   4.872943263685182   
-------------------------------------------------------------------
32             6300           1.0                                     

Entropia:
H(S) = 4.996012045108118 bits

Kraft:
k = 1.0

Longitud media:
L = 5.000000000000001

Rendimiento:
n = 99.92024090216233

Rendundancia:
n = 0.0797590978376661
