Escenario: palabras 7 digitos.

Palabra        Frecuencia     Probabilidad        Cant. informacion   
-------------------------------------------------------------------
0000000        38             0.008444444444444   6.887781772660815   
0000001        32             0.007111111111111   7.135709286104399   
0000010        39             0.008666666666667   6.850307067242152   
0000011        38             0.008444444444444   6.887781772660815   
0000100        34             0.007555555555556   7.048246444854060   
0000101        27             0.006000000000000   7.380821783940932   
0000110        44             0.009777777777778   6.676277667467103   
0000111        38             0.008444444444444   6.887781772660815   
0001000        39             0.008666666666667   6.850307067242152   
0001001        34             0.007555555555556   7.048246444854060   
0001010        37             0.008222222222222   6.926255920475450   
0001011        36             0.008000000000000   6.965784284662088   
0001100        38             0.008444444444444   6.887781772660815   
0001101        31             0.006888888888889   7.181512975717525   
0001110        42             0.009333333333333   6.743391863325639   
0001111        33             0.007333333333333   7.091315166745946   
0010000        36             0.008000000000000   6.965784284662088   
0010001        52             0.011555555555556   6.435269567963307   
0010010        43             0.009555555555556   6.709444531402301   
0010011        39             0.008666666666667   6.850307067242152   
0010100        30             0.006666666666667   7.228818690495880   
0010101        34             0.007555555555556   7.048246444854060   
0010110        24             0.005333333333333   7.550746785383243   
0010111        37             0.008222222222222   6.926255920475450   
0011000        39             0.008666666666667   6.850307067242152   
0011001        38             0.008444444444444   6.887781772660815   
0011010        46             0.010222222222222   6.612147330047387   
0011011        43             0.009555555555556   6.709444531402301   
0011100        33             0.007333333333333   7.091315166745946   
0011101        26             0.005777777777778   7.435269567963307   
0011110        49             0.010888888888889   6.520999441989192   
0011111        36             0.008000000000000   6.965784284662088   
0100000        36             0.008000000000000   6.965784284662088   
0100001        27             0.006000000000000   7.380821783940932   
0100010        33             0.007333333333333   7.091315166745946   
0100011        49             0.010888888888889   6.520999441989192   
0100100        31             0.006888888888889   7.181512975717525   
0100101        34             0.007555555555556   7.048246444854060   
0100110        33             0.007333333333333   7.091315166745946   
0100111        29             0.006444444444444   7.277728290976827   
0101000        45             0.010000000000000   6.643856189774724   
0101001        54             0.012000000000000   6.380821783940931   
0101010        36             0.008000000000000   6.965784284662088   
0101011        35             0.007777777777778   7.006426269159433   
0101100        37             0.008222222222222   6.926255920475450   
0101101        33             0.007333333333333   7.091315166745946   
0101110        34             0.007555555555556   7.048246444854060   
0101111        30             0.006666666666667   7.228818690495880   
0110000        45             0.010000000000000   6.643856189774724   
0110001        38             0.008444444444444   6.887781772660815   
0110010        28             0.006222222222222   7.328354364046795   
0110011        31             0.006888888888889   7.181512975717525   
0110100        39             0.008666666666667   6.850307067242152   
0110101        32             0.007111111111111   7.135709286104399   
0110110        31             0.006888888888889   7.181512975717525   
0110111        38             0.008444444444444   6.887781772660815   
0111000        36             0.008000000000000   6.965784284662088   
0111001        34             0.007555555555556   7.048246444854060   
0111010        32             0.007111111111111   7.135709286104399   
0111011        36             0.008000000000000   6.965784284662088   
0111100        27             0.006000000000000   7.380821783940932   
0111101        33             0.007333333333333   7.091315166745946   
0111110        35             0.007777777777778   7.006426269159433   
0111111        38             0.008444444444444   6.887781772660815   
1000000        32             0.007111111111111   7.135709286104399   
1000001        30             0.006666666666667   7.228818690495880   
1000010        34             0.007555555555556   7.048246444854060   
1000011        42             0.009333333333333   6.743391863325639   
1000100        39             0.008666666666667   6.850307067242152   
1000101        35             0.007777777777778   7.006426269159433   
1000110        39             0.008666666666667   6.850307067242152   
1000111        43             0.009555555555556   6.709444531402301   
1001000        30             0.006666666666667   7.228818690495880   
1001001        28             0.006222222222222   7.328354364046795   
1001010        32             0.007111111111111   7.135709286104399   
1001011        22             0.004888888888889   7.676277667467103   
1001100        27             0.006000000000000   7.380821783940932   
1001101        27             0.006000000000000   7.380821783940932   
1001110        37             0.008222222222222   6.926255920475450   
1001111        32             0.007111111111111   7.135709286104399   
1010000        42             0.009333333333333   6.743391863325639   
1010001        31             0.006888888888889   7.181512975717525   
1010010        37             0.008222222222222   6.926255920475450   
1010011        36             0.008000000000000   6.965784284662088   
1010100        34             0.007555555555556   7.048246444854060   
1010101        24             0.005333333333333   7.550746785383243   
1010110        33             0.007333333333333   7.091315166745946   
1010111        48             0.010666666666667   6.550746785383243   
1011000        32             0.007111111111111   7.135709286104399   
1011001        29             0.006444444444444   7.277728290976827   
1011010        39             0.008666666666667   6.850307067242152   
1011011        30             0.006666666666667   7.228818690495880   
1011100        31             0.006888888888889   7.181512975717525   
1011101        33             0.007333333333333   7.091315166745946   
1011110        36             0.008000000000000   6.965784284662088   
1011111        41             0.009111111111111   6.778157281486316   
1100000        41             0.009111111111111   6.778157281486316   
1100001        31             0.006888888888889   7.181512975717525   
1100010        34             0.007555555555556   7.048246444854060   
1100011        35             0.007777777777778   7.006426269159433   
1100100        43             0.009555555555556   6.709444531402301   
1100101        36             0.008000000000000   6.965784284662088   
1100110        22             0.004888888888889   7.676277667467103   
1100111        29             0.006444444444444   7.277728290976827   
1101000        39             0.008666666666667   6.850307067242152   
1101001        35             0.007777777777778   7.006426269159433   
1101010        34             0.007555555555556   7.048246444854060   
1101011        41             0.009111111111111   6.778157281486316   
1101100        35             0.007777777777778   7.006426269159433   
1101101        39             0.008666666666667   6.850307067242152   
1101110        34             0.007555555555556   7.048246444854060   
1101111        33             0.007333333333333   7.091315166745946   
1110000        44             0.009777777777778   6.676277667467103   
1110001        23             0.005111111111111   7.612147330047387   
1110010        31             0.006888888888889   7.181512975717525   
1110011        24             0.005333333333333   7.550746785383243   
1110100        37             0.008222222222222   6.926255920475450   
1110101        38             0.008444444444444   6.887781772660815   
1110110        23             0.005111111111111   7.612147330047387   
1110111        27             0.006000000000000   7.380821783940932   
1111000        38             0.008444444444444   6.887781772660815   
1111001        32             0.007111111111111   7.135709286104399   
1111010        39             0.008666666666667   6.850307067242152   
1111011        31             0.006888888888889   7.181512975717525   
1111100        38             0.008444444444444   6.887781772660815   
1111101        39             0.008666666666667   6.850307067242152   
1111110        41             0.009111111111111   6.778157281486316   
1111111        35             0.007777777777778   7.006426269159433   
-------------------------------------------------------------------
128            4500           1.0                                     

Entropia:
H(S) = 6.9790094546532 bits

Kraft:
k = 1.0

Longitud media:
L = 7.000000000000003

Rendimiento:
n = 99.70013506647425

Rendundancia:
n = 0.29986493352575394
